#
# Generated on Mon Feb 11 20:04:25 2013
#
#    Rectangle:             0.000 0.000 200.000 200.000
#    Grid unit:             2.00000
#    Grid covergage:        10.00
#    Number of edges:       400
#    Readings per sample:   2 6
#    Deviation:             -10.00 10.00
#    Discrepancy:           -5.00 5.00
#
#    Propagation table:
#           0.000    240
#           1.000    220
#           2.000    200
#           5.000    160
#          10.000    150
#          30.000    132
#         100.000    104
#
# D=59.464, R=122.622, N=6
108.00000 148.00000 68.00000 104.00000 118
108.00000 148.00000 68.00000 104.00000 123
108.00000 148.00000 68.00000 104.00000 124
108.00000 148.00000 68.00000 104.00000 117
108.00000 148.00000 68.00000 104.00000 120
108.00000 148.00000 68.00000 104.00000 126
# D=88.566, R=99.262, N=4
36.00000 190.00000 46.00000 102.00000 97
36.00000 190.00000 46.00000 102.00000 102
36.00000 190.00000 46.00000 102.00000 98
36.00000 190.00000 46.00000 102.00000 103
# D=89.554, R=110.248, N=3
158.00000 200.00000 76.00000 164.00000 112
158.00000 200.00000 76.00000 164.00000 111
158.00000 200.00000 76.00000 164.00000 114
# D=80.523, R=113.619, N=6
10.00000 122.00000 30.00000 200.00000 115
10.00000 122.00000 30.00000 200.00000 117
10.00000 122.00000 30.00000 200.00000 112
10.00000 122.00000 30.00000 200.00000 113
10.00000 122.00000 30.00000 200.00000 117
10.00000 122.00000 30.00000 200.00000 116
# D=78.230, R=123.699, N=4
90.00000 158.00000 168.00000 164.00000 129
90.00000 158.00000 168.00000 164.00000 118
90.00000 158.00000 168.00000 164.00000 119
90.00000 158.00000 168.00000 164.00000 121
# D=70.257, R=120.640, N=2
58.00000 92.00000 128.00000 98.00000 124
58.00000 92.00000 128.00000 98.00000 115
# D=75.313, R=114.269, N=5
86.00000 198.00000 72.00000 124.00000 110
86.00000 198.00000 72.00000 124.00000 109
86.00000 198.00000 72.00000 124.00000 113
86.00000 198.00000 72.00000 124.00000 114
86.00000 198.00000 72.00000 124.00000 111
# D=72.139, R=119.610, N=3
144.00000 130.00000 194.00000 182.00000 114
144.00000 130.00000 194.00000 182.00000 120
144.00000 130.00000 194.00000 182.00000 119
# D=82.608, R=116.794, N=5
106.00000 136.00000 96.00000 54.00000 121
106.00000 136.00000 96.00000 54.00000 114
106.00000 136.00000 96.00000 54.00000 112
106.00000 136.00000 96.00000 54.00000 112
106.00000 136.00000 96.00000 54.00000 120
# D=98.732, R=100.292, N=3
60.00000 110.00000 158.00000 122.00000 103
60.00000 110.00000 158.00000 122.00000 102
60.00000 110.00000 158.00000 122.00000 100
# D=94.340, R=107.619, N=6
94.00000 44.00000 102.00000 138.00000 110
94.00000 44.00000 102.00000 138.00000 112
94.00000 44.00000 102.00000 138.00000 103
94.00000 44.00000 102.00000 138.00000 105
94.00000 44.00000 102.00000 138.00000 103
94.00000 44.00000 102.00000 138.00000 110
# D=30.265, R=120.493, N=2
172.00000 126.00000 168.00000 96.00000 118
172.00000 126.00000 168.00000 96.00000 125
# D=23.324, R=149.887, N=5
148.00000 108.00000 168.00000 96.00000 145
148.00000 108.00000 168.00000 96.00000 152
148.00000 108.00000 168.00000 96.00000 156
148.00000 108.00000 168.00000 96.00000 147
148.00000 108.00000 168.00000 96.00000 151
# D=62.032, R=107.817, N=4
162.00000 198.00000 100.00000 200.00000 105
162.00000 198.00000 100.00000 200.00000 107
162.00000 198.00000 100.00000 200.00000 106
162.00000 198.00000 100.00000 200.00000 102
# D=60.729, R=113.257, N=6
46.00000 192.00000 104.00000 174.00000 109
46.00000 192.00000 104.00000 174.00000 113
46.00000 192.00000 104.00000 174.00000 111
46.00000 192.00000 104.00000 174.00000 118
46.00000 192.00000 104.00000 174.00000 111
46.00000 192.00000 104.00000 174.00000 116
# D=34.928, R=122.475, N=2
92.00000 104.00000 100.00000 70.00000 128
92.00000 104.00000 100.00000 70.00000 127
# D=38.626, R=138.716, N=4
70.00000 112.00000 84.00000 148.00000 138
70.00000 112.00000 84.00000 148.00000 137
70.00000 112.00000 84.00000 148.00000 137
70.00000 112.00000 84.00000 148.00000 145
# D=5.657, R=171.351, N=6
78.00000 82.00000 82.00000 78.00000 165
78.00000 82.00000 82.00000 78.00000 173
78.00000 82.00000 82.00000 78.00000 164
78.00000 82.00000 82.00000 78.00000 171
78.00000 82.00000 82.00000 78.00000 172
78.00000 82.00000 82.00000 78.00000 169
# D=8.000, R=153.506, N=2
132.00000 70.00000 140.00000 70.00000 159
132.00000 70.00000 140.00000 70.00000 156
# D=22.804, R=144.566, N=6
26.00000 56.00000 8.00000 70.00000 151
26.00000 56.00000 8.00000 70.00000 150
26.00000 56.00000 8.00000 70.00000 149
26.00000 56.00000 8.00000 70.00000 145
26.00000 56.00000 8.00000 70.00000 151
26.00000 56.00000 8.00000 70.00000 147
# D=42.942, R=130.831, N=2
52.00000 142.00000 90.00000 162.00000 131
52.00000 142.00000 90.00000 162.00000 129
# D=32.249, R=129.019, N=3
184.00000 152.00000 156.00000 168.00000 128
184.00000 152.00000 156.00000 168.00000 130
184.00000 152.00000 156.00000 168.00000 134
# D=41.231, R=136.231, N=5
72.00000 10.00000 82.00000 50.00000 137
72.00000 10.00000 82.00000 50.00000 139
72.00000 10.00000 82.00000 50.00000 133
72.00000 10.00000 82.00000 50.00000 132
72.00000 10.00000 82.00000 50.00000 136
# D=74.967, R=105.183, N=6
96.00000 128.00000 170.00000 140.00000 106
96.00000 128.00000 170.00000 140.00000 109
96.00000 128.00000 170.00000 140.00000 105
96.00000 128.00000 170.00000 140.00000 109
96.00000 128.00000 170.00000 140.00000 104
96.00000 128.00000 170.00000 140.00000 109
# D=22.091, R=151.669, N=6
56.00000 84.00000 78.00000 82.00000 155
56.00000 84.00000 78.00000 82.00000 148
56.00000 84.00000 78.00000 82.00000 145
56.00000 84.00000 78.00000 82.00000 155
56.00000 84.00000 78.00000 82.00000 153
56.00000 84.00000 78.00000 82.00000 151
# D=68.029, R=116.384, N=5
26.00000 112.00000 94.00000 114.00000 115
26.00000 112.00000 94.00000 114.00000 121
26.00000 112.00000 94.00000 114.00000 119
26.00000 112.00000 94.00000 114.00000 112
26.00000 112.00000 94.00000 114.00000 118
# D=94.763, R=107.299, N=2
112.00000 60.00000 46.00000 128.00000 103
112.00000 60.00000 46.00000 128.00000 110
# D=44.045, R=135.621, N=6
78.00000 88.00000 112.00000 60.00000 139
78.00000 88.00000 112.00000 60.00000 132
78.00000 88.00000 112.00000 60.00000 130
78.00000 88.00000 112.00000 60.00000 142
78.00000 88.00000 112.00000 60.00000 135
78.00000 88.00000 112.00000 60.00000 138
# D=13.416, R=152.521, N=6
42.00000 76.00000 48.00000 64.00000 144
42.00000 76.00000 48.00000 64.00000 152
42.00000 76.00000 48.00000 64.00000 146
42.00000 76.00000 48.00000 64.00000 158
42.00000 76.00000 48.00000 64.00000 146
42.00000 76.00000 48.00000 64.00000 156
# D=52.953, R=123.482, N=4
32.00000 52.00000 22.00000 104.00000 123
32.00000 52.00000 22.00000 104.00000 122
32.00000 52.00000 22.00000 104.00000 125
32.00000 52.00000 22.00000 104.00000 123
# D=59.464, R=125.549, N=2
40.00000 64.00000 96.00000 84.00000 124
40.00000 64.00000 96.00000 84.00000 129
# D=14.560, R=146.662, N=4
98.00000 144.00000 84.00000 148.00000 142
98.00000 144.00000 84.00000 148.00000 151
98.00000 144.00000 84.00000 148.00000 149
98.00000 144.00000 84.00000 148.00000 142
# D=98.732, R=111.155, N=2
40.00000 106.00000 28.00000 8.00000 116
40.00000 106.00000 28.00000 8.00000 109
# D=26.000, R=122.169, N=4
118.00000 196.00000 144.00000 196.00000 124
118.00000 196.00000 144.00000 196.00000 126
118.00000 196.00000 144.00000 196.00000 127
118.00000 196.00000 144.00000 196.00000 123
# D=56.356, R=124.446, N=2
124.00000 18.00000 174.00000 44.00000 122
124.00000 18.00000 174.00000 44.00000 127
# D=59.464, R=112.062, N=4
148.00000 108.00000 108.00000 64.00000 115
148.00000 108.00000 108.00000 64.00000 108
148.00000 108.00000 108.00000 64.00000 111
148.00000 108.00000 108.00000 64.00000 113
# D=44.721, R=126.117, N=4
8.00000 68.00000 52.00000 60.00000 128
8.00000 68.00000 52.00000 60.00000 130
8.00000 68.00000 52.00000 60.00000 128
8.00000 68.00000 52.00000 60.00000 126
# D=58.138, R=118.650, N=3
84.00000 124.00000 88.00000 66.00000 120
84.00000 124.00000 88.00000 66.00000 113
84.00000 124.00000 88.00000 66.00000 123
# D=80.100, R=108.919, N=5
72.00000 106.00000 68.00000 186.00000 109
72.00000 106.00000 68.00000 186.00000 108
72.00000 106.00000 68.00000 186.00000 107
72.00000 106.00000 68.00000 186.00000 104
72.00000 106.00000 68.00000 186.00000 107
# D=77.175, R=108.266, N=3
138.00000 88.00000 178.00000 22.00000 108
138.00000 88.00000 178.00000 22.00000 103
138.00000 88.00000 178.00000 22.00000 113
# D=73.348, R=118.239, N=6
104.00000 144.00000 170.00000 112.00000 119
104.00000 144.00000 170.00000 112.00000 121
104.00000 144.00000 170.00000 112.00000 112
104.00000 144.00000 170.00000 112.00000 120
104.00000 144.00000 170.00000 112.00000 119
104.00000 144.00000 170.00000 112.00000 119
# D=28.425, R=144.328, N=2
70.00000 180.00000 92.00000 162.00000 139
70.00000 180.00000 92.00000 162.00000 146
# D=87.818, R=108.272, N=3
128.00000 98.00000 52.00000 142.00000 107
128.00000 98.00000 52.00000 142.00000 107
128.00000 98.00000 52.00000 142.00000 104
# D=39.395, R=126.199, N=5
18.00000 122.00000 54.00000 106.00000 126
18.00000 122.00000 54.00000 106.00000 126
18.00000 122.00000 54.00000 106.00000 125
18.00000 122.00000 54.00000 106.00000 123
18.00000 122.00000 54.00000 106.00000 129
# D=97.509, R=96.368, N=6
90.00000 64.00000 178.00000 22.00000 92
90.00000 64.00000 178.00000 22.00000 96
90.00000 64.00000 178.00000 22.00000 96
90.00000 64.00000 178.00000 22.00000 98
90.00000 64.00000 178.00000 22.00000 91
90.00000 64.00000 178.00000 22.00000 94
# D=87.316, R=104.631, N=2
98.00000 132.00000 16.00000 102.00000 102
98.00000 132.00000 16.00000 102.00000 101
# D=22.000, R=147.292, N=2
36.00000 74.00000 36.00000 96.00000 143
36.00000 74.00000 36.00000 96.00000 151
# D=89.443, R=113.575, N=3
172.00000 110.00000 92.00000 150.00000 117
172.00000 110.00000 92.00000 150.00000 116
172.00000 110.00000 92.00000 150.00000 111
# D=94.868, R=105.558, N=6
84.00000 132.00000 174.00000 102.00000 109
84.00000 132.00000 174.00000 102.00000 102
84.00000 132.00000 174.00000 102.00000 103
84.00000 132.00000 174.00000 102.00000 100
84.00000 132.00000 174.00000 102.00000 103
84.00000 132.00000 174.00000 102.00000 102
# D=19.799, R=134.601, N=5
40.00000 92.00000 54.00000 106.00000 139
40.00000 92.00000 54.00000 106.00000 132
40.00000 92.00000 54.00000 106.00000 131
40.00000 92.00000 54.00000 106.00000 128
40.00000 92.00000 54.00000 106.00000 135
# D=74.027, R=123.730, N=6
48.00000 196.00000 2.00000 138.00000 118
48.00000 196.00000 2.00000 138.00000 117
48.00000 196.00000 2.00000 138.00000 125
48.00000 196.00000 2.00000 138.00000 117
48.00000 196.00000 2.00000 138.00000 127
48.00000 196.00000 2.00000 138.00000 120
# D=22.804, R=143.432, N=6
40.00000 36.00000 26.00000 18.00000 147
40.00000 36.00000 26.00000 18.00000 139
40.00000 36.00000 26.00000 18.00000 143
40.00000 36.00000 26.00000 18.00000 140
40.00000 36.00000 26.00000 18.00000 144
40.00000 36.00000 26.00000 18.00000 140
# D=69.857, R=120.738, N=2
110.00000 104.00000 94.00000 172.00000 120
110.00000 104.00000 94.00000 172.00000 116
# D=74.108, R=125.715, N=2
96.00000 112.00000 170.00000 108.00000 129
96.00000 112.00000 170.00000 108.00000 123
# D=43.267, R=124.313, N=5
28.00000 36.00000 64.00000 60.00000 130
28.00000 36.00000 64.00000 60.00000 120
28.00000 36.00000 64.00000 60.00000 126
28.00000 36.00000 64.00000 60.00000 120
28.00000 36.00000 64.00000 60.00000 119
# D=62.032, R=127.402, N=6
18.00000 106.00000 20.00000 168.00000 126
18.00000 106.00000 20.00000 168.00000 130
18.00000 106.00000 20.00000 168.00000 129
18.00000 106.00000 20.00000 168.00000 124
18.00000 106.00000 20.00000 168.00000 126
18.00000 106.00000 20.00000 168.00000 122
# D=80.498, R=122.278, N=6
66.00000 30.00000 30.00000 102.00000 118
66.00000 30.00000 30.00000 102.00000 122
66.00000 30.00000 30.00000 102.00000 124
66.00000 30.00000 30.00000 102.00000 122
66.00000 30.00000 30.00000 102.00000 117
66.00000 30.00000 30.00000 102.00000 126
# D=64.900, R=112.295, N=5
28.00000 36.00000 82.00000 72.00000 111
28.00000 36.00000 82.00000 72.00000 108
28.00000 36.00000 82.00000 72.00000 112
28.00000 36.00000 82.00000 72.00000 112
28.00000 36.00000 82.00000 72.00000 115
# D=58.310, R=115.260, N=2
40.00000 92.00000 94.00000 114.00000 110
40.00000 92.00000 94.00000 114.00000 120
# D=46.519, R=132.211, N=6
118.00000 154.00000 76.00000 174.00000 135
118.00000 154.00000 76.00000 174.00000 129
118.00000 154.00000 76.00000 174.00000 126
118.00000 154.00000 76.00000 174.00000 128
118.00000 154.00000 76.00000 174.00000 132
118.00000 154.00000 76.00000 174.00000 136
# D=76.942, R=103.442, N=6
64.00000 92.00000 52.00000 16.00000 106
64.00000 92.00000 52.00000 16.00000 103
64.00000 92.00000 52.00000 16.00000 103
64.00000 92.00000 52.00000 16.00000 101
64.00000 92.00000 52.00000 16.00000 108
64.00000 92.00000 52.00000 16.00000 103
# D=43.267, R=128.305, N=2
120.00000 158.00000 144.00000 194.00000 129
120.00000 158.00000 144.00000 194.00000 133
# D=85.440, R=105.096, N=2
126.00000 130.00000 54.00000 176.00000 103
126.00000 130.00000 54.00000 176.00000 103
# D=28.425, R=144.110, N=6
60.00000 112.00000 82.00000 94.00000 144
60.00000 112.00000 82.00000 94.00000 143
60.00000 112.00000 82.00000 94.00000 149
60.00000 112.00000 82.00000 94.00000 145
60.00000 112.00000 82.00000 94.00000 139
60.00000 112.00000 82.00000 94.00000 138
# D=48.374, R=113.467, N=3
52.00000 16.00000 4.00000 10.00000 116
52.00000 16.00000 4.00000 10.00000 117
52.00000 16.00000 4.00000 10.00000 114
# D=89.554, R=105.414, N=6
42.00000 128.00000 120.00000 172.00000 103
42.00000 128.00000 120.00000 172.00000 104
42.00000 128.00000 120.00000 172.00000 108
42.00000 128.00000 120.00000 172.00000 100
42.00000 128.00000 120.00000 172.00000 103
42.00000 128.00000 120.00000 172.00000 101
# D=66.483, R=121.570, N=5
188.00000 36.00000 124.00000 18.00000 127
188.00000 36.00000 124.00000 18.00000 121
188.00000 36.00000 124.00000 18.00000 124
188.00000 36.00000 124.00000 18.00000 120
188.00000 36.00000 124.00000 18.00000 117
# D=66.272, R=117.603, N=5
82.00000 94.00000 148.00000 100.00000 122
82.00000 94.00000 148.00000 100.00000 121
82.00000 94.00000 148.00000 100.00000 117
82.00000 94.00000 148.00000 100.00000 118
82.00000 94.00000 148.00000 100.00000 122
# D=62.801, R=128.330, N=3
102.00000 46.00000 152.00000 84.00000 125
102.00000 46.00000 152.00000 84.00000 127
102.00000 46.00000 152.00000 84.00000 124
# D=51.225, R=124.339, N=3
152.00000 108.00000 192.00000 140.00000 119
152.00000 108.00000 192.00000 140.00000 126
152.00000 108.00000 192.00000 140.00000 118
# D=97.837, R=97.873, N=5
174.00000 2.00000 110.00000 76.00000 102
174.00000 2.00000 110.00000 76.00000 101
174.00000 2.00000 110.00000 76.00000 101
174.00000 2.00000 110.00000 76.00000 95
174.00000 2.00000 110.00000 76.00000 100
# D=70.937, R=112.934, N=5
6.00000 94.00000 32.00000 28.00000 115
6.00000 94.00000 32.00000 28.00000 115
6.00000 94.00000 32.00000 28.00000 112
6.00000 94.00000 32.00000 28.00000 108
6.00000 94.00000 32.00000 28.00000 108
# D=78.409, R=123.794, N=4
118.00000 178.00000 196.00000 186.00000 127
118.00000 178.00000 196.00000 186.00000 122
118.00000 178.00000 196.00000 186.00000 120
118.00000 178.00000 196.00000 186.00000 118
# D=61.221, R=126.029, N=4
132.00000 164.00000 180.00000 126.00000 129
132.00000 164.00000 180.00000 126.00000 124
132.00000 164.00000 180.00000 126.00000 126
132.00000 164.00000 180.00000 126.00000 126
# D=80.324, R=113.233, N=2
142.00000 126.00000 116.00000 50.00000 116
142.00000 126.00000 116.00000 50.00000 109
# D=91.082, R=108.917, N=5
110.00000 128.00000 20.00000 142.00000 103
110.00000 128.00000 20.00000 142.00000 110
110.00000 128.00000 20.00000 142.00000 114
110.00000 128.00000 20.00000 142.00000 106
110.00000 128.00000 20.00000 142.00000 110
# D=92.130, R=104.455, N=2
56.00000 88.00000 98.00000 6.00000 105
56.00000 88.00000 98.00000 6.00000 106
# D=52.498, R=132.821, N=5
48.00000 34.00000 14.00000 74.00000 135
48.00000 34.00000 14.00000 74.00000 131
48.00000 34.00000 14.00000 74.00000 129
48.00000 34.00000 14.00000 74.00000 138
48.00000 34.00000 14.00000 74.00000 128
# D=36.878, R=129.530, N=5
130.00000 90.00000 94.00000 82.00000 131
130.00000 90.00000 94.00000 82.00000 125
130.00000 90.00000 94.00000 82.00000 126
130.00000 90.00000 94.00000 82.00000 123
130.00000 90.00000 94.00000 82.00000 129
# D=12.649, R=136.783, N=2
110.00000 164.00000 114.00000 176.00000 135
110.00000 164.00000 114.00000 176.00000 138
# D=36.222, R=120.688, N=5
164.00000 16.00000 168.00000 52.00000 124
164.00000 16.00000 168.00000 52.00000 126
164.00000 16.00000 168.00000 52.00000 117
164.00000 16.00000 168.00000 52.00000 124
164.00000 16.00000 168.00000 52.00000 123
# D=37.577, R=129.171, N=3
96.00000 112.00000 80.00000 78.00000 123
96.00000 112.00000 80.00000 78.00000 132
96.00000 112.00000 80.00000 78.00000 133
# D=86.093, R=102.741, N=4
170.00000 114.00000 174.00000 200.00000 105
170.00000 114.00000 174.00000 200.00000 102
170.00000 114.00000 174.00000 200.00000 104
170.00000 114.00000 174.00000 200.00000 104
# D=94.847, R=109.075, N=5
78.00000 88.00000 8.00000 152.00000 106
78.00000 88.00000 8.00000 152.00000 113
78.00000 88.00000 8.00000 152.00000 104
78.00000 88.00000 8.00000 152.00000 106
78.00000 88.00000 8.00000 152.00000 104
# D=75.153, R=104.281, N=2
74.00000 170.00000 42.00000 102.00000 104
74.00000 170.00000 42.00000 102.00000 103
# D=31.623, R=127.301, N=2
146.00000 154.00000 120.00000 172.00000 133
146.00000 154.00000 120.00000 172.00000 133
# D=50.120, R=134.409, N=4
94.00000 198.00000 138.00000 174.00000 138
94.00000 198.00000 138.00000 174.00000 141
94.00000 198.00000 138.00000 174.00000 139
94.00000 198.00000 138.00000 174.00000 129
# D=48.166, R=122.386, N=5
82.00000 106.00000 118.00000 138.00000 117
82.00000 106.00000 118.00000 138.00000 126
82.00000 106.00000 118.00000 138.00000 119
82.00000 106.00000 118.00000 138.00000 124
82.00000 106.00000 118.00000 138.00000 127
# D=55.027, R=132.508, N=3
26.00000 112.00000 78.00000 94.00000 134
26.00000 112.00000 78.00000 94.00000 133
26.00000 112.00000 78.00000 94.00000 136
# D=53.666, R=115.903, N=2
92.00000 104.00000 140.00000 128.00000 112
92.00000 104.00000 140.00000 128.00000 112
# D=61.741, R=110.137, N=4
116.00000 58.00000 60.00000 84.00000 106
116.00000 58.00000 60.00000 84.00000 107
116.00000 58.00000 60.00000 84.00000 105
116.00000 58.00000 60.00000 84.00000 115
# D=72.000, R=126.042, N=2
80.00000 184.00000 80.00000 112.00000 131
80.00000 184.00000 80.00000 112.00000 125
# D=60.033, R=127.826, N=3
94.00000 44.00000 96.00000 104.00000 132
94.00000 44.00000 96.00000 104.00000 132
94.00000 44.00000 96.00000 104.00000 127
# D=37.736, R=124.802, N=3
62.00000 42.00000 30.00000 62.00000 125
62.00000 42.00000 30.00000 62.00000 129
62.00000 42.00000 30.00000 62.00000 119
# D=52.802, R=115.100, N=6
82.00000 160.00000 104.00000 112.00000 109
82.00000 160.00000 104.00000 112.00000 120
82.00000 160.00000 104.00000 112.00000 113
82.00000 160.00000 104.00000 112.00000 115
82.00000 160.00000 104.00000 112.00000 117
82.00000 160.00000 104.00000 112.00000 119
# D=86.371, R=115.541, N=6
172.00000 126.00000 86.00000 134.00000 120
172.00000 126.00000 86.00000 134.00000 118
172.00000 126.00000 86.00000 134.00000 119
172.00000 126.00000 86.00000 134.00000 119
172.00000 126.00000 86.00000 134.00000 111
172.00000 126.00000 86.00000 134.00000 121
# D=28.284, R=120.675, N=2
134.00000 56.00000 162.00000 60.00000 119
134.00000 56.00000 162.00000 60.00000 118
# D=59.397, R=109.050, N=6
78.00000 164.00000 120.00000 122.00000 108
78.00000 164.00000 120.00000 122.00000 105
78.00000 164.00000 120.00000 122.00000 111
78.00000 164.00000 120.00000 122.00000 112
78.00000 164.00000 120.00000 122.00000 109
78.00000 164.00000 120.00000 122.00000 105
# D=78.102, R=103.259, N=6
50.00000 68.00000 0.00000 8.00000 102
50.00000 68.00000 0.00000 8.00000 99
50.00000 68.00000 0.00000 8.00000 107
50.00000 68.00000 0.00000 8.00000 104
50.00000 68.00000 0.00000 8.00000 102
50.00000 68.00000 0.00000 8.00000 101
# D=73.756, R=112.760, N=6
142.00000 184.00000 70.00000 200.00000 118
142.00000 184.00000 70.00000 200.00000 113
142.00000 184.00000 70.00000 200.00000 118
142.00000 184.00000 70.00000 200.00000 109
142.00000 184.00000 70.00000 200.00000 111
142.00000 184.00000 70.00000 200.00000 116
# D=62.514, R=128.989, N=4
60.00000 122.00000 52.00000 184.00000 131
60.00000 122.00000 52.00000 184.00000 123
60.00000 122.00000 52.00000 184.00000 132
60.00000 122.00000 52.00000 184.00000 133
# D=86.371, R=113.652, N=3
94.00000 114.00000 36.00000 178.00000 117
94.00000 114.00000 36.00000 178.00000 110
94.00000 114.00000 36.00000 178.00000 117
# D=46.174, R=121.130, N=5
170.00000 112.00000 184.00000 156.00000 115
170.00000 112.00000 184.00000 156.00000 116
170.00000 112.00000 184.00000 156.00000 118
170.00000 112.00000 184.00000 156.00000 120
170.00000 112.00000 184.00000 156.00000 126
# D=60.299, R=129.419, N=4
108.00000 190.00000 48.00000 196.00000 134
108.00000 190.00000 48.00000 196.00000 128
108.00000 190.00000 48.00000 196.00000 122
108.00000 190.00000 48.00000 196.00000 129
# D=54.332, R=116.949, N=5
124.00000 64.00000 130.00000 118.00000 114
124.00000 64.00000 130.00000 118.00000 121
124.00000 64.00000 130.00000 118.00000 116
124.00000 64.00000 130.00000 118.00000 119
124.00000 64.00000 130.00000 118.00000 111
# D=92.779, R=97.882, N=2
50.00000 88.00000 142.00000 100.00000 97
50.00000 88.00000 142.00000 100.00000 94
# D=70.880, R=105.858, N=4
102.00000 46.00000 82.00000 114.00000 109
102.00000 46.00000 82.00000 114.00000 105
102.00000 46.00000 82.00000 114.00000 102
102.00000 46.00000 82.00000 114.00000 105
# D=52.038, R=125.164, N=3
26.00000 146.00000 28.00000 94.00000 126
26.00000 146.00000 28.00000 94.00000 125
26.00000 146.00000 28.00000 94.00000 121
# D=40.497, R=118.576, N=2
96.00000 150.00000 82.00000 112.00000 121
96.00000 150.00000 82.00000 112.00000 117
# D=40.200, R=138.620, N=3
116.00000 198.00000 120.00000 158.00000 138
116.00000 198.00000 120.00000 158.00000 132
116.00000 198.00000 120.00000 158.00000 145
# D=20.591, R=148.593, N=4
136.00000 18.00000 146.00000 36.00000 146
136.00000 18.00000 146.00000 36.00000 141
136.00000 18.00000 146.00000 36.00000 147
136.00000 18.00000 146.00000 36.00000 141
# D=42.000, R=121.373, N=2
60.00000 122.00000 60.00000 164.00000 120
60.00000 122.00000 60.00000 164.00000 120
# D=74.967, R=120.393, N=3
66.00000 140.00000 12.00000 192.00000 124
66.00000 140.00000 12.00000 192.00000 116
66.00000 140.00000 12.00000 192.00000 124
# D=40.447, R=139.291, N=4
10.00000 50.00000 4.00000 10.00000 139
10.00000 50.00000 4.00000 10.00000 134
10.00000 50.00000 4.00000 10.00000 145
10.00000 50.00000 4.00000 10.00000 138
# D=95.079, R=106.035, N=4
18.00000 58.00000 106.00000 22.00000 106
18.00000 58.00000 106.00000 22.00000 101
18.00000 58.00000 106.00000 22.00000 103
18.00000 58.00000 106.00000 22.00000 102
# D=47.539, R=129.031, N=6
98.00000 144.00000 52.00000 156.00000 125
98.00000 144.00000 52.00000 156.00000 131
98.00000 144.00000 52.00000 156.00000 128
98.00000 144.00000 52.00000 156.00000 124
98.00000 144.00000 52.00000 156.00000 132
98.00000 144.00000 52.00000 156.00000 123
# D=97.324, R=115.059, N=6
22.00000 142.00000 118.00000 158.00000 119
22.00000 142.00000 118.00000 158.00000 118
22.00000 142.00000 118.00000 158.00000 119
22.00000 142.00000 118.00000 158.00000 112
22.00000 142.00000 118.00000 158.00000 111
22.00000 142.00000 118.00000 158.00000 118
# D=81.584, R=115.380, N=4
78.00000 112.00000 94.00000 192.00000 118
78.00000 112.00000 94.00000 192.00000 110
78.00000 112.00000 94.00000 192.00000 112
78.00000 112.00000 94.00000 192.00000 113
# D=37.947, R=132.828, N=6
80.00000 94.00000 44.00000 82.00000 137
80.00000 94.00000 44.00000 82.00000 133
80.00000 94.00000 44.00000 82.00000 129
80.00000 94.00000 44.00000 82.00000 127
80.00000 94.00000 44.00000 82.00000 138
80.00000 94.00000 44.00000 82.00000 138
# D=77.820, R=108.297, N=3
36.00000 130.00000 70.00000 200.00000 103
36.00000 130.00000 70.00000 200.00000 110
36.00000 130.00000 70.00000 200.00000 106
# D=95.771, R=95.667, N=6
92.00000 162.00000 176.00000 116.00000 91
92.00000 162.00000 176.00000 116.00000 97
92.00000 162.00000 176.00000 116.00000 91
92.00000 162.00000 176.00000 116.00000 92
92.00000 162.00000 176.00000 116.00000 98
92.00000 162.00000 176.00000 116.00000 98
# D=44.407, R=127.862, N=6
118.00000 158.00000 124.00000 114.00000 127
118.00000 158.00000 124.00000 114.00000 125
118.00000 158.00000 124.00000 114.00000 123
118.00000 158.00000 124.00000 114.00000 121
118.00000 158.00000 124.00000 114.00000 125
118.00000 158.00000 124.00000 114.00000 133
# D=75.286, R=121.978, N=6
190.00000 76.00000 142.00000 18.00000 125
190.00000 76.00000 142.00000 18.00000 120
190.00000 76.00000 142.00000 18.00000 125
190.00000 76.00000 142.00000 18.00000 126
190.00000 76.00000 142.00000 18.00000 124
190.00000 76.00000 142.00000 18.00000 123
# D=38.626, R=128.589, N=2
66.00000 122.00000 52.00000 86.00000 127
66.00000 122.00000 52.00000 86.00000 122
# D=34.409, R=126.087, N=6
10.00000 98.00000 30.00000 70.00000 126
10.00000 98.00000 30.00000 70.00000 130
10.00000 98.00000 30.00000 70.00000 127
10.00000 98.00000 30.00000 70.00000 132
10.00000 98.00000 30.00000 70.00000 128
10.00000 98.00000 30.00000 70.00000 128
# D=42.190, R=135.342, N=4
104.00000 80.00000 108.00000 122.00000 135
104.00000 80.00000 108.00000 122.00000 133
104.00000 80.00000 108.00000 122.00000 133
104.00000 80.00000 108.00000 122.00000 135
# D=82.970, R=107.995, N=4
142.00000 152.00000 164.00000 72.00000 111
142.00000 152.00000 164.00000 72.00000 112
142.00000 152.00000 164.00000 72.00000 112
142.00000 152.00000 164.00000 72.00000 112
# D=98.489, R=104.041, N=5
120.00000 58.00000 72.00000 144.00000 109
120.00000 58.00000 72.00000 144.00000 101
120.00000 58.00000 72.00000 144.00000 104
120.00000 58.00000 72.00000 144.00000 102
120.00000 58.00000 72.00000 144.00000 108
# D=16.125, R=139.189, N=5
162.00000 116.00000 146.00000 114.00000 133
162.00000 116.00000 146.00000 114.00000 137
162.00000 116.00000 146.00000 114.00000 141
162.00000 116.00000 146.00000 114.00000 133
162.00000 116.00000 146.00000 114.00000 140
# D=92.195, R=108.043, N=2
158.00000 178.00000 138.00000 88.00000 112
158.00000 178.00000 138.00000 88.00000 103
# D=90.973, R=106.101, N=3
166.00000 108.00000 90.00000 158.00000 107
166.00000 108.00000 90.00000 158.00000 101
166.00000 108.00000 90.00000 158.00000 109
# D=34.234, R=122.542, N=5
114.00000 124.00000 118.00000 158.00000 117
114.00000 124.00000 118.00000 158.00000 123
114.00000 124.00000 118.00000 158.00000 122
114.00000 124.00000 118.00000 158.00000 121
114.00000 124.00000 118.00000 158.00000 121
# D=99.156, R=95.416, N=5
94.00000 116.00000 20.00000 50.00000 94
94.00000 116.00000 20.00000 50.00000 96
94.00000 116.00000 20.00000 50.00000 96
94.00000 116.00000 20.00000 50.00000 98
94.00000 116.00000 20.00000 50.00000 99
# D=52.802, R=132.937, N=4
96.00000 104.00000 48.00000 82.00000 126
96.00000 104.00000 48.00000 82.00000 131
96.00000 104.00000 48.00000 82.00000 136
96.00000 104.00000 48.00000 82.00000 130
# D=97.098, R=113.647, N=3
148.00000 60.00000 200.00000 142.00000 110
148.00000 60.00000 200.00000 142.00000 116
148.00000 60.00000 200.00000 142.00000 108
# D=32.249, R=127.513, N=6
68.00000 128.00000 52.00000 156.00000 125
68.00000 128.00000 52.00000 156.00000 132
68.00000 128.00000 52.00000 156.00000 124
68.00000 128.00000 52.00000 156.00000 121
68.00000 128.00000 52.00000 156.00000 131
68.00000 128.00000 52.00000 156.00000 121
# D=71.694, R=107.339, N=5
138.00000 78.00000 72.00000 106.00000 103
138.00000 78.00000 72.00000 106.00000 112
138.00000 78.00000 72.00000 106.00000 112
138.00000 78.00000 72.00000 106.00000 111
138.00000 78.00000 72.00000 106.00000 107
# D=86.348, R=113.291, N=3
50.00000 88.00000 30.00000 172.00000 117
50.00000 88.00000 30.00000 172.00000 118
50.00000 88.00000 30.00000 172.00000 110
# D=77.820, R=103.109, N=2
104.00000 144.00000 34.00000 178.00000 106
104.00000 144.00000 34.00000 178.00000 99
# D=40.447, R=131.230, N=5
16.00000 100.00000 22.00000 140.00000 132
16.00000 100.00000 22.00000 140.00000 125
16.00000 100.00000 22.00000 140.00000 132
16.00000 100.00000 22.00000 140.00000 137
16.00000 100.00000 22.00000 140.00000 134
# D=99.035, R=107.790, N=5
58.00000 22.00000 130.00000 90.00000 110
58.00000 22.00000 130.00000 90.00000 110
58.00000 22.00000 130.00000 90.00000 102
58.00000 22.00000 130.00000 90.00000 104
58.00000 22.00000 130.00000 90.00000 107
# D=63.530, R=115.285, N=4
60.00000 58.00000 30.00000 114.00000 116
60.00000 58.00000 30.00000 114.00000 115
60.00000 58.00000 30.00000 114.00000 120
60.00000 58.00000 30.00000 114.00000 110
# D=70.029, R=117.603, N=4
58.00000 108.00000 56.00000 178.00000 116
58.00000 108.00000 56.00000 178.00000 120
58.00000 108.00000 56.00000 178.00000 122
58.00000 108.00000 56.00000 178.00000 118
# D=76.158, R=112.822, N=4
74.00000 120.00000 92.00000 194.00000 114
74.00000 120.00000 92.00000 194.00000 107
74.00000 120.00000 92.00000 194.00000 113
74.00000 120.00000 92.00000 194.00000 113
# D=39.446, R=137.087, N=2
78.00000 58.00000 58.00000 92.00000 134
78.00000 58.00000 58.00000 92.00000 136
# D=60.299, R=124.556, N=3
36.00000 92.00000 42.00000 32.00000 123
36.00000 92.00000 42.00000 32.00000 122
36.00000 92.00000 42.00000 32.00000 129
# D=48.662, R=113.057, N=5
126.00000 192.00000 174.00000 200.00000 112
126.00000 192.00000 174.00000 200.00000 110
126.00000 192.00000 174.00000 200.00000 109
126.00000 192.00000 174.00000 200.00000 116
126.00000 192.00000 174.00000 200.00000 116
# D=91.236, R=100.862, N=6
122.00000 116.00000 162.00000 198.00000 96
122.00000 116.00000 162.00000 198.00000 101
122.00000 116.00000 162.00000 198.00000 100
122.00000 116.00000 162.00000 198.00000 99
122.00000 116.00000 162.00000 198.00000 104
122.00000 116.00000 162.00000 198.00000 99
# D=32.802, R=136.769, N=6
32.00000 164.00000 58.00000 184.00000 134
32.00000 164.00000 58.00000 184.00000 134
32.00000 164.00000 58.00000 184.00000 136
32.00000 164.00000 58.00000 184.00000 137
32.00000 164.00000 58.00000 184.00000 143
32.00000 164.00000 58.00000 184.00000 133
# D=84.119, R=113.648, N=4
98.00000 170.00000 124.00000 90.00000 117
98.00000 170.00000 124.00000 90.00000 109
98.00000 170.00000 124.00000 90.00000 109
98.00000 170.00000 124.00000 90.00000 116
# D=95.079, R=115.709, N=3
152.00000 162.00000 64.00000 198.00000 112
152.00000 162.00000 64.00000 198.00000 116
152.00000 162.00000 64.00000 198.00000 118
# D=70.456, R=118.907, N=6
104.00000 34.00000 96.00000 104.00000 118
104.00000 34.00000 96.00000 104.00000 122
104.00000 34.00000 96.00000 104.00000 121
104.00000 34.00000 96.00000 104.00000 114
104.00000 34.00000 96.00000 104.00000 118
104.00000 34.00000 96.00000 104.00000 117
# D=89.286, R=105.946, N=6
118.00000 66.00000 142.00000 152.00000 104
118.00000 66.00000 142.00000 152.00000 109
118.00000 66.00000 142.00000 152.00000 108
118.00000 66.00000 142.00000 152.00000 108
118.00000 66.00000 142.00000 152.00000 100
118.00000 66.00000 142.00000 152.00000 110
# D=65.513, R=127.235, N=2
74.00000 102.00000 40.00000 158.00000 133
74.00000 102.00000 40.00000 158.00000 131
# D=66.242, R=109.463, N=5
108.00000 28.00000 50.00000 60.00000 108
108.00000 28.00000 50.00000 60.00000 113
108.00000 28.00000 50.00000 60.00000 110
108.00000 28.00000 50.00000 60.00000 108
108.00000 28.00000 50.00000 60.00000 114
# D=42.942, R=132.097, N=2
102.00000 102.00000 82.00000 64.00000 132
102.00000 102.00000 82.00000 64.00000 129
# D=84.095, R=115.979, N=3
196.00000 58.00000 200.00000 142.00000 115
196.00000 58.00000 200.00000 142.00000 116
196.00000 58.00000 200.00000 142.00000 113
# D=50.478, R=118.381, N=2
32.00000 186.00000 74.00000 158.00000 123
32.00000 186.00000 74.00000 158.00000 118
# D=93.680, R=112.755, N=3
114.00000 110.00000 24.00000 84.00000 115
114.00000 110.00000 24.00000 84.00000 115
114.00000 110.00000 24.00000 84.00000 109
# D=40.000, R=125.518, N=2
66.00000 112.00000 66.00000 72.00000 120
66.00000 112.00000 66.00000 72.00000 123
# D=38.471, R=131.067, N=4
52.00000 156.00000 90.00000 162.00000 133
52.00000 156.00000 90.00000 162.00000 135
52.00000 156.00000 90.00000 162.00000 126
52.00000 156.00000 90.00000 162.00000 135
# D=58.000, R=122.754, N=4
100.00000 132.00000 58.00000 172.00000 117
100.00000 132.00000 58.00000 172.00000 123
100.00000 132.00000 58.00000 172.00000 120
100.00000 132.00000 58.00000 172.00000 127
# D=74.243, R=110.783, N=2
60.00000 96.00000 66.00000 22.00000 107
60.00000 96.00000 66.00000 22.00000 111
# D=79.699, R=110.553, N=2
26.00000 114.00000 2.00000 38.00000 110
26.00000 114.00000 2.00000 38.00000 109
# D=37.947, R=121.911, N=2
52.00000 142.00000 40.00000 106.00000 122
52.00000 142.00000 40.00000 106.00000 122
# D=66.843, R=120.483, N=5
102.00000 138.00000 144.00000 86.00000 115
102.00000 138.00000 144.00000 86.00000 124
102.00000 138.00000 144.00000 86.00000 119
102.00000 138.00000 144.00000 86.00000 122
102.00000 138.00000 144.00000 86.00000 124
# D=2.000, R=214.624, N=4
198.00000 38.00000 198.00000 36.00000 206
198.00000 38.00000 198.00000 36.00000 204
198.00000 38.00000 198.00000 36.00000 206
198.00000 38.00000 198.00000 36.00000 222
# D=12.000, R=137.034, N=2
188.00000 166.00000 188.00000 154.00000 138
188.00000 166.00000 188.00000 154.00000 130
# D=34.928, R=131.353, N=4
98.00000 48.00000 130.00000 34.00000 132
98.00000 48.00000 130.00000 34.00000 130
98.00000 48.00000 130.00000 34.00000 133
98.00000 48.00000 130.00000 34.00000 130
# D=95.771, R=103.004, N=2
124.00000 190.00000 78.00000 106.00000 106
124.00000 190.00000 78.00000 106.00000 101
# D=67.231, R=117.133, N=2
122.00000 116.00000 96.00000 54.00000 117
122.00000 116.00000 96.00000 54.00000 119
# D=26.000, R=124.664, N=2
114.00000 68.00000 90.00000 58.00000 123
114.00000 68.00000 90.00000 58.00000 127
# D=72.250, R=112.856, N=2
138.00000 122.00000 186.00000 176.00000 112
138.00000 122.00000 186.00000 176.00000 112
# D=99.298, R=114.084, N=2
112.00000 50.00000 24.00000 96.00000 110
112.00000 50.00000 24.00000 96.00000 119
# D=74.027, R=125.349, N=3
68.00000 186.00000 126.00000 140.00000 119
68.00000 186.00000 126.00000 140.00000 120
68.00000 186.00000 126.00000 140.00000 124
# D=67.469, R=109.611, N=6
174.00000 102.00000 188.00000 36.00000 112
174.00000 102.00000 188.00000 36.00000 104
174.00000 102.00000 188.00000 36.00000 112
174.00000 102.00000 188.00000 36.00000 114
174.00000 102.00000 188.00000 36.00000 108
174.00000 102.00000 188.00000 36.00000 110
# D=37.736, R=133.983, N=2
190.00000 126.00000 158.00000 146.00000 127
190.00000 126.00000 158.00000 146.00000 132
# D=58.138, R=117.177, N=6
148.00000 108.00000 144.00000 166.00000 118
148.00000 108.00000 144.00000 166.00000 118
148.00000 108.00000 144.00000 166.00000 121
148.00000 108.00000 144.00000 166.00000 120
148.00000 108.00000 144.00000 166.00000 116
148.00000 108.00000 144.00000 166.00000 113
# D=41.231, R=139.672, N=6
112.00000 100.00000 122.00000 60.00000 139
112.00000 100.00000 122.00000 60.00000 142
112.00000 100.00000 122.00000 60.00000 144
112.00000 100.00000 122.00000 60.00000 135
112.00000 100.00000 122.00000 60.00000 137
112.00000 100.00000 122.00000 60.00000 142
# D=99.298, R=100.157, N=2
50.00000 134.00000 144.00000 166.00000 100
50.00000 134.00000 144.00000 166.00000 99
# D=81.584, R=119.106, N=3
162.00000 128.00000 82.00000 112.00000 116
162.00000 128.00000 82.00000 112.00000 123
162.00000 128.00000 82.00000 112.00000 119
# D=64.000, R=122.620, N=2
120.00000 122.00000 120.00000 186.00000 126
120.00000 122.00000 120.00000 186.00000 118
# D=50.160, R=118.867, N=5
44.00000 40.00000 48.00000 90.00000 117
44.00000 40.00000 48.00000 90.00000 123
44.00000 40.00000 48.00000 90.00000 118
44.00000 40.00000 48.00000 90.00000 122
44.00000 40.00000 48.00000 90.00000 114
# D=72.801, R=115.234, N=2
140.00000 42.00000 82.00000 86.00000 110
140.00000 42.00000 82.00000 86.00000 115
# D=80.449, R=100.675, N=5
106.00000 164.00000 40.00000 118.00000 103
106.00000 164.00000 40.00000 118.00000 100
106.00000 164.00000 40.00000 118.00000 100
106.00000 164.00000 40.00000 118.00000 99
106.00000 164.00000 40.00000 118.00000 104
# D=88.566, R=101.522, N=2
158.00000 98.00000 168.00000 10.00000 101
158.00000 98.00000 168.00000 10.00000 105
# D=88.566, R=110.116, N=3
72.00000 152.00000 82.00000 64.00000 108
72.00000 152.00000 82.00000 64.00000 111
72.00000 152.00000 82.00000 64.00000 112
# D=73.376, R=122.005, N=5
40.00000 80.00000 110.00000 102.00000 121
40.00000 80.00000 110.00000 102.00000 123
40.00000 80.00000 110.00000 102.00000 120
40.00000 80.00000 110.00000 102.00000 124
40.00000 80.00000 110.00000 102.00000 125
# D=36.497, R=139.522, N=6
114.00000 124.00000 108.00000 88.00000 139
114.00000 124.00000 108.00000 88.00000 144
114.00000 124.00000 108.00000 88.00000 134
114.00000 124.00000 108.00000 88.00000 141
114.00000 124.00000 108.00000 88.00000 139
114.00000 124.00000 108.00000 88.00000 137
# D=87.727, R=109.221, N=3
158.00000 52.00000 194.00000 132.00000 107
158.00000 52.00000 194.00000 132.00000 111
158.00000 52.00000 194.00000 132.00000 103
# D=80.100, R=107.015, N=6
186.00000 134.00000 106.00000 130.00000 109
186.00000 134.00000 106.00000 130.00000 102
186.00000 134.00000 106.00000 130.00000 106
186.00000 134.00000 106.00000 130.00000 104
186.00000 134.00000 106.00000 130.00000 105
186.00000 134.00000 106.00000 130.00000 108
# D=4.000, R=164.756, N=4
174.00000 140.00000 170.00000 140.00000 165
174.00000 140.00000 170.00000 140.00000 160
174.00000 140.00000 170.00000 140.00000 171
174.00000 140.00000 170.00000 140.00000 170
